% .  P410 .  例15.6 . 差分方程  商品销售量预测
x=[[1:5]',ones(5,1)];y=[11 12 13 15 16]';z=x\y