% .  P410 .  例15.6 .  差分方程  商品销售量预测
y0=[11 12 13 15 16]';
y=y0(3:5);x=[y0(2:4),y0(1:3),ones(3,1)];
z=x\y
